r0_max: 0.000001
num_points: 1000
max_num_iterations: 3
scale_factor: 0.995792
